Wayside 0
--------------------------
ENDBLKS:	7, 11, 20
MAIN:		13, 14, 15, 16, 17, 18, 19, 20
DIV:		1, 2, 3, 4, 5, 6
STRT:		7, 8, 9, 10, 11, 12
Switch:		1001	
LIGHT:		19

Wayside 1
--------------------------
ENDBLKS:	20, 45, 110
MAIN:		28, 27, 26, 25, 24, 23, 22, 21, 20
DIV:		110,111,112,113,114,115,116,117,118,119,120,121,122,123,124,125,126,127,128,129,130,131,132,133,134,135,136,137,138,139,140,141,142,143,144,145,146,147,148,149,150
STRT:		29, 30, 31, 32, 33, 34, 35, 36, 37, 38, 39, 40, 41, 42, 43, 44, 45
Switch:		1002	

Wayside 2
--------------------------
ENDBLKS:	45, 60, 0
MAIN:		45,46,47,48,49,50,51,52,53,54,55,56,57
DIV:		0
STRT:		58, 59, 60
Switch:		1003	

Wayside 3
--------------------------
ENDBLKS:	60, 0, 73
MAIN:		63,64,65,66,67,68,69,70,71,72,73
DIV:		62, 61, 60
STRT:		0
Switch:		1004

Wayside 4
--------------------------
ENDBLKS:	73, 110, 82
MAIN:		77,78,79,80,81,82
DIV:		101,102,103,104,105,106,107,108,109,110
STRT:		76,75,74,73
Switch:		1005

Wayside 5
--------------------------
ENDBLKS:	82, 93, 94 
MAIN:		85,84,83,82
DIV:		94,95,96,97,98,99,100
STRT:		86,87,88,89,90,91,92,93
Switch:		1006	