Wayside 1
--------------------------
ENDBLKS:	0, 7, 12
MAIN:		7, 8, 9
DIV:		0
STRT:		10, 11, 12
Switch:		1001	

Wayside 2
--------------------------
ENDBLKS:	23, 7, 12
MAIN:		23, 22, 21, 20, 19, 18, 17, 16
DIV:		1, 2, 3, 4, 5, 6, 7
STRT:		15, 14, 13, 12
Switch:		1000	

Wayside 3
--------------------------
ENDBLKS:	23, 75, 30
MAIN:		23, 24, 25, 26, 27
DIV:		76, 75 
STRT:		28, 29, 30
Switch:		1002	

Wayside 4
--------------------------
ENDBLKS:	36, 75, 30
MAIN:		33, 34, 35, 36
DIV:		72, 73, 74, 75
STRT:		30, 31, 32
Switch:		1003

Wayside 5
--------------------------
ENDBLKS:	36, 69,  41
MAIN:		36, 37, 38,
DIV:		71, 70, 69
STRT:		39, 40, 41
Switch:		1004

Wayside 6
--------------------------
ENDBLKS:	41, 48,  69
MAIN:		44, 45, 46, 47, 48
DIV:		67, 68, 69
STRT:		41, 42, 43
Switch:		1005


Wayside 7
--------------------------
ENDBLKS:	48, 60, 61
MAIN:		48, 49, 50, 51, 52
DIV:		66, 65, 64, 63, 62, 61
STRT:		53, 54, 55, 56, 57, 58, 59, 60
Switch:		1006